          20
 
           1
   38.00000      0.0000000E+00  0.0000000E+00  0.0000000E+00
 
          48
   1.000000      0.0000000E+00  0.0000000E+00   1.000000    
   3.000000      0.0000000E+00  0.0000000E+00   1.000000    
   5.000000      0.0000000E+00  0.0000000E+00   1.000000    
   7.000000      0.0000000E+00  0.0000000E+00   1.000000    
   9.000000      0.0000000E+00  0.0000000E+00   1.000000    
   11.00000      0.0000000E+00  0.0000000E+00   1.000000    
   13.00000      0.0000000E+00  0.0000000E+00   1.000000    
   15.00000      0.0000000E+00  0.0000000E+00   1.000000    
   17.00000      0.0000000E+00  0.0000000E+00   1.000000    
   19.00000      0.0000000E+00  0.0000000E+00   1.000000    
   21.00000      0.0000000E+00  0.0000000E+00   1.000000    
   23.00000      0.0000000E+00  0.0000000E+00   1.000000    
   25.00000      0.0000000E+00  0.0000000E+00   1.000000    
   27.00000      0.0000000E+00  0.0000000E+00   1.000000    
   29.00000      0.0000000E+00  0.0000000E+00   1.000000    
   31.00000      0.0000000E+00  0.0000000E+00   1.000000    
   33.00000      0.0000000E+00  0.0000000E+00   1.000000    
   35.00000      0.0000000E+00  0.0000000E+00   1.000000    
   37.00000      0.0000000E+00  0.0000000E+00   1.000000    
   39.00000      0.0000000E+00  0.0000000E+00   1.000000    
   41.00000      0.0000000E+00  0.0000000E+00   1.000000    
   43.00000      0.0000000E+00  0.0000000E+00   1.000000    
   45.00000      0.0000000E+00  0.0000000E+00   1.000000    
   47.00000      0.0000000E+00  0.0000000E+00   1.000000    
   49.00000      0.0000000E+00  0.0000000E+00   1.000000    
   51.00000      0.0000000E+00  0.0000000E+00   1.000000    
   53.00000      0.0000000E+00  0.0000000E+00   1.000000    
   55.00000      0.0000000E+00  0.0000000E+00   1.000000    
   57.00000      0.0000000E+00  0.0000000E+00   1.000000    
   59.00000      0.0000000E+00  0.0000000E+00   1.000000    
   61.00000      0.0000000E+00  0.0000000E+00   1.000000    
   63.00000      0.0000000E+00  0.0000000E+00   1.000000    
   65.00000      0.0000000E+00  0.0000000E+00   1.000000    
   67.00000      0.0000000E+00  0.0000000E+00   1.000000    
   69.00000      0.0000000E+00  0.0000000E+00   1.000000    
   71.00000      0.0000000E+00  0.0000000E+00   1.000000    
   73.00000      0.0000000E+00  0.0000000E+00   1.000000    
   75.00000      0.0000000E+00  0.0000000E+00   1.000000    
   77.00000      0.0000000E+00  0.0000000E+00   1.000000    
   79.00000      0.0000000E+00  0.0000000E+00   1.000000    
   81.00000      0.0000000E+00  0.0000000E+00   1.000000    
   83.00000      0.0000000E+00  0.0000000E+00   1.000000    
   85.00000      0.0000000E+00  0.0000000E+00   1.000000    
   87.00000      0.0000000E+00  0.0000000E+00   1.000000    
   89.00000      0.0000000E+00  0.0000000E+00   1.000000    
   91.00000      0.0000000E+00  0.0000000E+00   1.000000    
   93.00000      0.0000000E+00  0.0000000E+00   1.000000    
   95.00000      0.0000000E+00  0.0000000E+00   1.000000    
